muuu
0.957303
0.0031898
0.778751
0.974543
0.739808
0.577092
0.997347
0.0151833
0.00308195
0.634814
0.978139
0.0726747
0.157827
0.44631
0.879457
0.00751046
0.999817
0.272034
0.957998
0.944144
0.797388
0.998633
0.0599879
0.0287664
0.0162788
0.0763804
0.655926
0.0155803
0.349014
0.742374
0.0418114
0.922339
0.0121452
0.981549
0.464475
1
0.0171683
0.140002
0.98456
0.261621
0.0256818
0.0378143
0.956242
0.0726597
0.623831
0.609857
0.0127943
0.362127
0.015002
0.0138158
0.993728
0.674597
0.949437
0.995513
0.95543
0.977321
0.0146944
0.385022
0.093585
0.0355442
0.999997
0.00497376
0.18798
0.0720099
0.691942
0.99302
0.0589211
0.00691547
0.0289468
0.27077
0.0954624
0.00362138
0.984248
0.916115
0.99871
0.0281502
0.0492839
0.0812241
0.036342
0.935825
0.005499
0.983714
0.68451
0.881929
0.924758
0.000297035
0.0835851
0.0158289
0.148231
0.883945
0.963239
0.0142633
0.721312
0.964681
0.769246
0.0304453
0.999281
0.99259
0.05392
0.994092
