0.229693
1.04356
-2.53017e-098
-2.65698e+303
0
7.06164e-192
9.22274e-282
5.38004e-313
4.24399e-314
-7.84591e+298
-7.84591e+298
-2.53017e-098
0
1.30264e-172
9.25006e-282
0
2.122e-314
-7.84591e+298
9.25857e-282
-2.53017e-098
-2.65698e+303
0
7.06164e-192
4.97377e-286
1.18058e-311
4.24399e-314
-7.84591e+298
-7.84591e+298
-2.53017e-098
0
7.06165e-192
4.97403e-286
5.38004e-313
4.24399e-314
-7.84591e+298
-7.84591e+298
-2.53017e-098
0
7.06165e-192
4.97428e-286
1.18058e-311
4.24399e-314
-7.84591e+298
-7.84591e+298
-2.53017e-098
0
7.06165e-192
9.26761e-282
5.38004e-313
4.24399e-314
-7.84591e+298
-7.84591e+298
-2.53017e-098
0
1.79221e-307
1.04823e-303
5.04464e-293
0
3.11959e-287
3.895e-316
