W_mu
0.0426972  	0  	0  	0  	0  	0  	0  	0  	0  	0  	0  	0  	0  	0  	0  	0  	0  	0  	0  	0  	0  	0  	0  	0  	0  	0  	0  	0  	0  	0  	0  	0  	0  	0  	0  	0  	0  	0  	0  	0  	0  	0  	0  	0  	0  	0  	0  	0  	0  	0  	0  	0  	0  	0  	0  	0  	0  	0  	0  	0  	0  	0  	0  	0  	0  	0  	0  	0  	0  	0  	0  	0  	0  	0  	0  	0  	0  	0  	0  	0  	0  	0  	0  	0  	0  	0  	0  	0  	0  	0  	0  	0  	0  	0  	0  	0  	0  	0  	0  	0  	
0  	0.99681  	0  	0  	0  	0  	0  	0  	0  	0  	0  	0  	0  	0  	0  	0  	0  	0  	0  	0  	0  	0  	0  	0  	0  	0  	0  	0  	0  	0  	0  	0  	0  	0  	0  	0  	0  	0  	0  	0  	0  	0  	0  	0  	0  	0  	0  	0  	0  	0  	0  	0  	0  	0  	0  	0  	0  	0  	0  	0  	0  	0  	0  	0  	0  	0  	0  	0  	0  	0  	0  	0  	0  	0  	0  	0  	0  	0  	0  	0  	0  	0  	0  	0  	0  	0  	0  	0  	0  	0  	0  	0  	0  	0  	0  	0  	0  	0  	0  	0  	
0  	0  	0.221249  	0  	0  	0  	0  	0  	0  	0  	0  	0  	0  	0  	0  	0  	0  	0  	0  	0  	0  	0  	0  	0  	0  	0  	0  	0  	0  	0  	0  	0  	0  	0  	0  	0  	0  	0  	0  	0  	0  	0  	0  	0  	0  	0  	0  	0  	0  	0  	0  	0  	0  	0  	0  	0  	0  	0  	0  	0  	0  	0  	0  	0  	0  	0  	0  	0  	0  	0  	0  	0  	0  	0  	0  	0  	0  	0  	0  	0  	0  	0  	0  	0  	0  	0  	0  	0  	0  	0  	0  	0  	0  	0  	0  	0  	0  	0  	0  	0  	
0  	0  	0  	0.0254567  	0  	0  	0  	0  	0  	0  	0  	0  	0  	0  	0  	0  	0  	0  	0  	0  	0  	0  	0  	0  	0  	0  	0  	0  	0  	0  	0  	0  	0  	0  	0  	0  	0  	0  	0  	0  	0  	0  	0  	0  	0  	0  	0  	0  	0  	0  	0  	0  	0  	0  	0  	0  	0  	0  	0  	0  	0  	0  	0  	0  	0  	0  	0  	0  	0  	0  	0  	0  	0  	0  	0  	0  	0  	0  	0  	0  	0  	0  	0  	0  	0  	0  	0  	0  	0  	0  	0  	0  	0  	0  	0  	0  	0  	0  	0  	0  	
0  	0  	0  	0  	0.260192  	0  	0  	0  	0  	0  	0  	0  	0  	0  	0  	0  	0  	0  	0  	0  	0  	0  	0  	0  	0  	0  	0  	0  	0  	0  	0  	0  	0  	0  	0  	0  	0  	0  	0  	0  	0  	0  	0  	0  	0  	0  	0  	0  	0  	0  	0  	0  	0  	0  	0  	0  	0  	0  	0  	0  	0  	0  	0  	0  	0  	0  	0  	0  	0  	0  	0  	0  	0  	0  	0  	0  	0  	0  	0  	0  	0  	0  	0  	0  	0  	0  	0  	0  	0  	0  	0  	0  	0  	0  	0  	0  	0  	0  	0  	0  	
0  	0  	0  	0  	0  	0.422908  	0  	0  	0  	0  	0  	0  	0  	0  	0  	0  	0  	0  	0  	0  	0  	0  	0  	0  	0  	0  	0  	0  	0  	0  	0  	0  	0  	0  	0  	0  	0  	0  	0  	0  	0  	0  	0  	0  	0  	0  	0  	0  	0  	0  	0  	0  	0  	0  	0  	0  	0  	0  	0  	0  	0  	0  	0  	0  	0  	0  	0  	0  	0  	0  	0  	0  	0  	0  	0  	0  	0  	0  	0  	0  	0  	0  	0  	0  	0  	0  	0  	0  	0  	0  	0  	0  	0  	0  	0  	0  	0  	0  	0  	0  	
0  	0  	0  	0  	0  	0  	0.0026529  	0  	0  	0  	0  	0  	0  	0  	0  	0  	0  	0  	0  	0  	0  	0  	0  	0  	0  	0  	0  	0  	0  	0  	0  	0  	0  	0  	0  	0  	0  	0  	0  	0  	0  	0  	0  	0  	0  	0  	0  	0  	0  	0  	0  	0  	0  	0  	0  	0  	0  	0  	0  	0  	0  	0  	0  	0  	0  	0  	0  	0  	0  	0  	0  	0  	0  	0  	0  	0  	0  	0  	0  	0  	0  	0  	0  	0  	0  	0  	0  	0  	0  	0  	0  	0  	0  	0  	0  	0  	0  	0  	0  	0  	
0  	0  	0  	0  	0  	0  	0  	0.984817  	0  	0  	0  	0  	0  	0  	0  	0  	0  	0  	0  	0  	0  	0  	0  	0  	0  	0  	0  	0  	0  	0  	0  	0  	0  	0  	0  	0  	0  	0  	0  	0  	0  	0  	0  	0  	0  	0  	0  	0  	0  	0  	0  	0  	0  	0  	0  	0  	0  	0  	0  	0  	0  	0  	0  	0  	0  	0  	0  	0  	0  	0  	0  	0  	0  	0  	0  	0  	0  	0  	0  	0  	0  	0  	0  	0  	0  	0  	0  	0  	0  	0  	0  	0  	0  	0  	0  	0  	0  	0  	0  	0  	
0  	0  	0  	0  	0  	0  	0  	0  	0.996918  	0  	0  	0  	0  	0  	0  	0  	0  	0  	0  	0  	0  	0  	0  	0  	0  	0  	0  	0  	0  	0  	0  	0  	0  	0  	0  	0  	0  	0  	0  	0  	0  	0  	0  	0  	0  	0  	0  	0  	0  	0  	0  	0  	0  	0  	0  	0  	0  	0  	0  	0  	0  	0  	0  	0  	0  	0  	0  	0  	0  	0  	0  	0  	0  	0  	0  	0  	0  	0  	0  	0  	0  	0  	0  	0  	0  	0  	0  	0  	0  	0  	0  	0  	0  	0  	0  	0  	0  	0  	0  	0  	
0  	0  	0  	0  	0  	0  	0  	0  	0  	0.365186  	0  	0  	0  	0  	0  	0  	0  	0  	0  	0  	0  	0  	0  	0  	0  	0  	0  	0  	0  	0  	0  	0  	0  	0  	0  	0  	0  	0  	0  	0  	0  	0  	0  	0  	0  	0  	0  	0  	0  	0  	0  	0  	0  	0  	0  	0  	0  	0  	0  	0  	0  	0  	0  	0  	0  	0  	0  	0  	0  	0  	0  	0  	0  	0  	0  	0  	0  	0  	0  	0  	0  	0  	0  	0  	0  	0  	0  	0  	0  	0  	0  	0  	0  	0  	0  	0  	0  	0  	0  	0  	
0  	0  	0  	0  	0  	0  	0  	0  	0  	0  	0.0218609  	0  	0  	0  	0  	0  	0  	0  	0  	0  	0  	0  	0  	0  	0  	0  	0  	0  	0  	0  	0  	0  	0  	0  	0  	0  	0  	0  	0  	0  	0  	0  	0  	0  	0  	0  	0  	0  	0  	0  	0  	0  	0  	0  	0  	0  	0  	0  	0  	0  	0  	0  	0  	0  	0  	0  	0  	0  	0  	0  	0  	0  	0  	0  	0  	0  	0  	0  	0  	0  	0  	0  	0  	0  	0  	0  	0  	0  	0  	0  	0  	0  	0  	0  	0  	0  	0  	0  	0  	0  	
0  	0  	0  	0  	0  	0  	0  	0  	0  	0  	0  	0.927325  	0  	0  	0  	0  	0  	0  	0  	0  	0  	0  	0  	0  	0  	0  	0  	0  	0  	0  	0  	0  	0  	0  	0  	0  	0  	0  	0  	0  	0  	0  	0  	0  	0  	0  	0  	0  	0  	0  	0  	0  	0  	0  	0  	0  	0  	0  	0  	0  	0  	0  	0  	0  	0  	0  	0  	0  	0  	0  	0  	0  	0  	0  	0  	0  	0  	0  	0  	0  	0  	0  	0  	0  	0  	0  	0  	0  	0  	0  	0  	0  	0  	0  	0  	0  	0  	0  	0  	0  	
0  	0  	0  	0  	0  	0  	0  	0  	0  	0  	0  	0  	0.842173  	0  	0  	0  	0  	0  	0  	0  	0  	0  	0  	0  	0  	0  	0  	0  	0  	0  	0  	0  	0  	0  	0  	0  	0  	0  	0  	0  	0  	0  	0  	0  	0  	0  	0  	0  	0  	0  	0  	0  	0  	0  	0  	0  	0  	0  	0  	0  	0  	0  	0  	0  	0  	0  	0  	0  	0  	0  	0  	0  	0  	0  	0  	0  	0  	0  	0  	0  	0  	0  	0  	0  	0  	0  	0  	0  	0  	0  	0  	0  	0  	0  	0  	0  	0  	0  	0  	0  	
0  	0  	0  	0  	0  	0  	0  	0  	0  	0  	0  	0  	0  	0.55369  	0  	0  	0  	0  	0  	0  	0  	0  	0  	0  	0  	0  	0  	0  	0  	0  	0  	0  	0  	0  	0  	0  	0  	0  	0  	0  	0  	0  	0  	0  	0  	0  	0  	0  	0  	0  	0  	0  	0  	0  	0  	0  	0  	0  	0  	0  	0  	0  	0  	0  	0  	0  	0  	0  	0  	0  	0  	0  	0  	0  	0  	0  	0  	0  	0  	0  	0  	0  	0  	0  	0  	0  	0  	0  	0  	0  	0  	0  	0  	0  	0  	0  	0  	0  	0  	0  	
0  	0  	0  	0  	0  	0  	0  	0  	0  	0  	0  	0  	0  	0  	0.120543  	0  	0  	0  	0  	0  	0  	0  	0  	0  	0  	0  	0  	0  	0  	0  	0  	0  	0  	0  	0  	0  	0  	0  	0  	0  	0  	0  	0  	0  	0  	0  	0  	0  	0  	0  	0  	0  	0  	0  	0  	0  	0  	0  	0  	0  	0  	0  	0  	0  	0  	0  	0  	0  	0  	0  	0  	0  	0  	0  	0  	0  	0  	0  	0  	0  	0  	0  	0  	0  	0  	0  	0  	0  	0  	0  	0  	0  	0  	0  	0  	0  	0  	0  	0  	0  	
0  	0  	0  	0  	0  	0  	0  	0  	0  	0  	0  	0  	0  	0  	0  	0.99249  	0  	0  	0  	0  	0  	0  	0  	0  	0  	0  	0  	0  	0  	0  	0  	0  	0  	0  	0  	0  	0  	0  	0  	0  	0  	0  	0  	0  	0  	0  	0  	0  	0  	0  	0  	0  	0  	0  	0  	0  	0  	0  	0  	0  	0  	0  	0  	0  	0  	0  	0  	0  	0  	0  	0  	0  	0  	0  	0  	0  	0  	0  	0  	0  	0  	0  	0  	0  	0  	0  	0  	0  	0  	0  	0  	0  	0  	0  	0  	0  	0  	0  	0  	0  	
0  	0  	0  	0  	0  	0  	0  	0  	0  	0  	0  	0  	0  	0  	0  	0  	0.000183175  	0  	0  	0  	0  	0  	0  	0  	0  	0  	0  	0  	0  	0  	0  	0  	0  	0  	0  	0  	0  	0  	0  	0  	0  	0  	0  	0  	0  	0  	0  	0  	0  	0  	0  	0  	0  	0  	0  	0  	0  	0  	0  	0  	0  	0  	0  	0  	0  	0  	0  	0  	0  	0  	0  	0  	0  	0  	0  	0  	0  	0  	0  	0  	0  	0  	0  	0  	0  	0  	0  	0  	0  	0  	0  	0  	0  	0  	0  	0  	0  	0  	0  	0  	
0  	0  	0  	0  	0  	0  	0  	0  	0  	0  	0  	0  	0  	0  	0  	0  	0  	0.727966  	0  	0  	0  	0  	0  	0  	0  	0  	0  	0  	0  	0  	0  	0  	0  	0  	0  	0  	0  	0  	0  	0  	0  	0  	0  	0  	0  	0  	0  	0  	0  	0  	0  	0  	0  	0  	0  	0  	0  	0  	0  	0  	0  	0  	0  	0  	0  	0  	0  	0  	0  	0  	0  	0  	0  	0  	0  	0  	0  	0  	0  	0  	0  	0  	0  	0  	0  	0  	0  	0  	0  	0  	0  	0  	0  	0  	0  	0  	0  	0  	0  	0  	
0  	0  	0  	0  	0  	0  	0  	0  	0  	0  	0  	0  	0  	0  	0  	0  	0  	0  	0.0420016  	0  	0  	0  	0  	0  	0  	0  	0  	0  	0  	0  	0  	0  	0  	0  	0  	0  	0  	0  	0  	0  	0  	0  	0  	0  	0  	0  	0  	0  	0  	0  	0  	0  	0  	0  	0  	0  	0  	0  	0  	0  	0  	0  	0  	0  	0  	0  	0  	0  	0  	0  	0  	0  	0  	0  	0  	0  	0  	0  	0  	0  	0  	0  	0  	0  	0  	0  	0  	0  	0  	0  	0  	0  	0  	0  	0  	0  	0  	0  	0  	0  	
0  	0  	0  	0  	0  	0  	0  	0  	0  	0  	0  	0  	0  	0  	0  	0  	0  	0  	0  	0.0558562  	0  	0  	0  	0  	0  	0  	0  	0  	0  	0  	0  	0  	0  	0  	0  	0  	0  	0  	0  	0  	0  	0  	0  	0  	0  	0  	0  	0  	0  	0  	0  	0  	0  	0  	0  	0  	0  	0  	0  	0  	0  	0  	0  	0  	0  	0  	0  	0  	0  	0  	0  	0  	0  	0  	0  	0  	0  	0  	0  	0  	0  	0  	0  	0  	0  	0  	0  	0  	0  	0  	0  	0  	0  	0  	0  	0  	0  	0  	0  	0  	
0  	0  	0  	0  	0  	0  	0  	0  	0  	0  	0  	0  	0  	0  	0  	0  	0  	0  	0  	0  	0.202612  	0  	0  	0  	0  	0  	0  	0  	0  	0  	0  	0  	0  	0  	0  	0  	0  	0  	0  	0  	0  	0  	0  	0  	0  	0  	0  	0  	0  	0  	0  	0  	0  	0  	0  	0  	0  	0  	0  	0  	0  	0  	0  	0  	0  	0  	0  	0  	0  	0  	0  	0  	0  	0  	0  	0  	0  	0  	0  	0  	0  	0  	0  	0  	0  	0  	0  	0  	0  	0  	0  	0  	0  	0  	0  	0  	0  	0  	0  	0  	
0  	0  	0  	0  	0  	0  	0  	0  	0  	0  	0  	0  	0  	0  	0  	0  	0  	0  	0  	0  	0  	0.0013668  	0  	0  	0  	0  	0  	0  	0  	0  	0  	0  	0  	0  	0  	0  	0  	0  	0  	0  	0  	0  	0  	0  	0  	0  	0  	0  	0  	0  	0  	0  	0  	0  	0  	0  	0  	0  	0  	0  	0  	0  	0  	0  	0  	0  	0  	0  	0  	0  	0  	0  	0  	0  	0  	0  	0  	0  	0  	0  	0  	0  	0  	0  	0  	0  	0  	0  	0  	0  	0  	0  	0  	0  	0  	0  	0  	0  	0  	0  	
0  	0  	0  	0  	0  	0  	0  	0  	0  	0  	0  	0  	0  	0  	0  	0  	0  	0  	0  	0  	0  	0  	0.940012  	0  	0  	0  	0  	0  	0  	0  	0  	0  	0  	0  	0  	0  	0  	0  	0  	0  	0  	0  	0  	0  	0  	0  	0  	0  	0  	0  	0  	0  	0  	0  	0  	0  	0  	0  	0  	0  	0  	0  	0  	0  	0  	0  	0  	0  	0  	0  	0  	0  	0  	0  	0  	0  	0  	0  	0  	0  	0  	0  	0  	0  	0  	0  	0  	0  	0  	0  	0  	0  	0  	0  	0  	0  	0  	0  	0  	0  	
0  	0  	0  	0  	0  	0  	0  	0  	0  	0  	0  	0  	0  	0  	0  	0  	0  	0  	0  	0  	0  	0  	0  	0.971234  	0  	0  	0  	0  	0  	0  	0  	0  	0  	0  	0  	0  	0  	0  	0  	0  	0  	0  	0  	0  	0  	0  	0  	0  	0  	0  	0  	0  	0  	0  	0  	0  	0  	0  	0  	0  	0  	0  	0  	0  	0  	0  	0  	0  	0  	0  	0  	0  	0  	0  	0  	0  	0  	0  	0  	0  	0  	0  	0  	0  	0  	0  	0  	0  	0  	0  	0  	0  	0  	0  	0  	0  	0  	0  	0  	0  	
0  	0  	0  	0  	0  	0  	0  	0  	0  	0  	0  	0  	0  	0  	0  	0  	0  	0  	0  	0  	0  	0  	0  	0  	0.983721  	0  	0  	0  	0  	0  	0  	0  	0  	0  	0  	0  	0  	0  	0  	0  	0  	0  	0  	0  	0  	0  	0  	0  	0  	0  	0  	0  	0  	0  	0  	0  	0  	0  	0  	0  	0  	0  	0  	0  	0  	0  	0  	0  	0  	0  	0  	0  	0  	0  	0  	0  	0  	0  	0  	0  	0  	0  	0  	0  	0  	0  	0  	0  	0  	0  	0  	0  	0  	0  	0  	0  	0  	0  	0  	0  	
0  	0  	0  	0  	0  	0  	0  	0  	0  	0  	0  	0  	0  	0  	0  	0  	0  	0  	0  	0  	0  	0  	0  	0  	0  	0.92362  	0  	0  	0  	0  	0  	0  	0  	0  	0  	0  	0  	0  	0  	0  	0  	0  	0  	0  	0  	0  	0  	0  	0  	0  	0  	0  	0  	0  	0  	0  	0  	0  	0  	0  	0  	0  	0  	0  	0  	0  	0  	0  	0  	0  	0  	0  	0  	0  	0  	0  	0  	0  	0  	0  	0  	0  	0  	0  	0  	0  	0  	0  	0  	0  	0  	0  	0  	0  	0  	0  	0  	0  	0  	0  	
0  	0  	0  	0  	0  	0  	0  	0  	0  	0  	0  	0  	0  	0  	0  	0  	0  	0  	0  	0  	0  	0  	0  	0  	0  	0  	0.344074  	0  	0  	0  	0  	0  	0  	0  	0  	0  	0  	0  	0  	0  	0  	0  	0  	0  	0  	0  	0  	0  	0  	0  	0  	0  	0  	0  	0  	0  	0  	0  	0  	0  	0  	0  	0  	0  	0  	0  	0  	0  	0  	0  	0  	0  	0  	0  	0  	0  	0  	0  	0  	0  	0  	0  	0  	0  	0  	0  	0  	0  	0  	0  	0  	0  	0  	0  	0  	0  	0  	0  	0  	0  	
0  	0  	0  	0  	0  	0  	0  	0  	0  	0  	0  	0  	0  	0  	0  	0  	0  	0  	0  	0  	0  	0  	0  	0  	0  	0  	0  	0.98442  	0  	0  	0  	0  	0  	0  	0  	0  	0  	0  	0  	0  	0  	0  	0  	0  	0  	0  	0  	0  	0  	0  	0  	0  	0  	0  	0  	0  	0  	0  	0  	0  	0  	0  	0  	0  	0  	0  	0  	0  	0  	0  	0  	0  	0  	0  	0  	0  	0  	0  	0  	0  	0  	0  	0  	0  	0  	0  	0  	0  	0  	0  	0  	0  	0  	0  	0  	0  	0  	0  	0  	0  	
0  	0  	0  	0  	0  	0  	0  	0  	0  	0  	0  	0  	0  	0  	0  	0  	0  	0  	0  	0  	0  	0  	0  	0  	0  	0  	0  	0  	0.650986  	0  	0  	0  	0  	0  	0  	0  	0  	0  	0  	0  	0  	0  	0  	0  	0  	0  	0  	0  	0  	0  	0  	0  	0  	0  	0  	0  	0  	0  	0  	0  	0  	0  	0  	0  	0  	0  	0  	0  	0  	0  	0  	0  	0  	0  	0  	0  	0  	0  	0  	0  	0  	0  	0  	0  	0  	0  	0  	0  	0  	0  	0  	0  	0  	0  	0  	0  	0  	0  	0  	0  	
0  	0  	0  	0  	0  	0  	0  	0  	0  	0  	0  	0  	0  	0  	0  	0  	0  	0  	0  	0  	0  	0  	0  	0  	0  	0  	0  	0  	0  	0.257626  	0  	0  	0  	0  	0  	0  	0  	0  	0  	0  	0  	0  	0  	0  	0  	0  	0  	0  	0  	0  	0  	0  	0  	0  	0  	0  	0  	0  	0  	0  	0  	0  	0  	0  	0  	0  	0  	0  	0  	0  	0  	0  	0  	0  	0  	0  	0  	0  	0  	0  	0  	0  	0  	0  	0  	0  	0  	0  	0  	0  	0  	0  	0  	0  	0  	0  	0  	0  	0  	0  	
0  	0  	0  	0  	0  	0  	0  	0  	0  	0  	0  	0  	0  	0  	0  	0  	0  	0  	0  	0  	0  	0  	0  	0  	0  	0  	0  	0  	0  	0  	0.958189  	0  	0  	0  	0  	0  	0  	0  	0  	0  	0  	0  	0  	0  	0  	0  	0  	0  	0  	0  	0  	0  	0  	0  	0  	0  	0  	0  	0  	0  	0  	0  	0  	0  	0  	0  	0  	0  	0  	0  	0  	0  	0  	0  	0  	0  	0  	0  	0  	0  	0  	0  	0  	0  	0  	0  	0  	0  	0  	0  	0  	0  	0  	0  	0  	0  	0  	0  	0  	0  	
0  	0  	0  	0  	0  	0  	0  	0  	0  	0  	0  	0  	0  	0  	0  	0  	0  	0  	0  	0  	0  	0  	0  	0  	0  	0  	0  	0  	0  	0  	0  	0.0776613  	0  	0  	0  	0  	0  	0  	0  	0  	0  	0  	0  	0  	0  	0  	0  	0  	0  	0  	0  	0  	0  	0  	0  	0  	0  	0  	0  	0  	0  	0  	0  	0  	0  	0  	0  	0  	0  	0  	0  	0  	0  	0  	0  	0  	0  	0  	0  	0  	0  	0  	0  	0  	0  	0  	0  	0  	0  	0  	0  	0  	0  	0  	0  	0  	0  	0  	0  	0  	
0  	0  	0  	0  	0  	0  	0  	0  	0  	0  	0  	0  	0  	0  	0  	0  	0  	0  	0  	0  	0  	0  	0  	0  	0  	0  	0  	0  	0  	0  	0  	0  	0.987855  	0  	0  	0  	0  	0  	0  	0  	0  	0  	0  	0  	0  	0  	0  	0  	0  	0  	0  	0  	0  	0  	0  	0  	0  	0  	0  	0  	0  	0  	0  	0  	0  	0  	0  	0  	0  	0  	0  	0  	0  	0  	0  	0  	0  	0  	0  	0  	0  	0  	0  	0  	0  	0  	0  	0  	0  	0  	0  	0  	0  	0  	0  	0  	0  	0  	0  	0  	
0  	0  	0  	0  	0  	0  	0  	0  	0  	0  	0  	0  	0  	0  	0  	0  	0  	0  	0  	0  	0  	0  	0  	0  	0  	0  	0  	0  	0  	0  	0  	0  	0  	0.0184506  	0  	0  	0  	0  	0  	0  	0  	0  	0  	0  	0  	0  	0  	0  	0  	0  	0  	0  	0  	0  	0  	0  	0  	0  	0  	0  	0  	0  	0  	0  	0  	0  	0  	0  	0  	0  	0  	0  	0  	0  	0  	0  	0  	0  	0  	0  	0  	0  	0  	0  	0  	0  	0  	0  	0  	0  	0  	0  	0  	0  	0  	0  	0  	0  	0  	0  	
0  	0  	0  	0  	0  	0  	0  	0  	0  	0  	0  	0  	0  	0  	0  	0  	0  	0  	0  	0  	0  	0  	0  	0  	0  	0  	0  	0  	0  	0  	0  	0  	0  	0  	0.535525  	0  	0  	0  	0  	0  	0  	0  	0  	0  	0  	0  	0  	0  	0  	0  	0  	0  	0  	0  	0  	0  	0  	0  	0  	0  	0  	0  	0  	0  	0  	0  	0  	0  	0  	0  	0  	0  	0  	0  	0  	0  	0  	0  	0  	0  	0  	0  	0  	0  	0  	0  	0  	0  	0  	0  	0  	0  	0  	0  	0  	0  	0  	0  	0  	0  	
0  	0  	0  	0  	0  	0  	0  	0  	0  	0  	0  	0  	0  	0  	0  	0  	0  	0  	0  	0  	0  	0  	0  	0  	0  	0  	0  	0  	0  	0  	0  	0  	0  	0  	0  	1.75475e-007  	0  	0  	0  	0  	0  	0  	0  	0  	0  	0  	0  	0  	0  	0  	0  	0  	0  	0  	0  	0  	0  	0  	0  	0  	0  	0  	0  	0  	0  	0  	0  	0  	0  	0  	0  	0  	0  	0  	0  	0  	0  	0  	0  	0  	0  	0  	0  	0  	0  	0  	0  	0  	0  	0  	0  	0  	0  	0  	0  	0  	0  	0  	0  	0  	
0  	0  	0  	0  	0  	0  	0  	0  	0  	0  	0  	0  	0  	0  	0  	0  	0  	0  	0  	0  	0  	0  	0  	0  	0  	0  	0  	0  	0  	0  	0  	0  	0  	0  	0  	0  	0.982832  	0  	0  	0  	0  	0  	0  	0  	0  	0  	0  	0  	0  	0  	0  	0  	0  	0  	0  	0  	0  	0  	0  	0  	0  	0  	0  	0  	0  	0  	0  	0  	0  	0  	0  	0  	0  	0  	0  	0  	0  	0  	0  	0  	0  	0  	0  	0  	0  	0  	0  	0  	0  	0  	0  	0  	0  	0  	0  	0  	0  	0  	0  	0  	
0  	0  	0  	0  	0  	0  	0  	0  	0  	0  	0  	0  	0  	0  	0  	0  	0  	0  	0  	0  	0  	0  	0  	0  	0  	0  	0  	0  	0  	0  	0  	0  	0  	0  	0  	0  	0  	0.859998  	0  	0  	0  	0  	0  	0  	0  	0  	0  	0  	0  	0  	0  	0  	0  	0  	0  	0  	0  	0  	0  	0  	0  	0  	0  	0  	0  	0  	0  	0  	0  	0  	0  	0  	0  	0  	0  	0  	0  	0  	0  	0  	0  	0  	0  	0  	0  	0  	0  	0  	0  	0  	0  	0  	0  	0  	0  	0  	0  	0  	0  	0  	
0  	0  	0  	0  	0  	0  	0  	0  	0  	0  	0  	0  	0  	0  	0  	0  	0  	0  	0  	0  	0  	0  	0  	0  	0  	0  	0  	0  	0  	0  	0  	0  	0  	0  	0  	0  	0  	0  	0.0154402  	0  	0  	0  	0  	0  	0  	0  	0  	0  	0  	0  	0  	0  	0  	0  	0  	0  	0  	0  	0  	0  	0  	0  	0  	0  	0  	0  	0  	0  	0  	0  	0  	0  	0  	0  	0  	0  	0  	0  	0  	0  	0  	0  	0  	0  	0  	0  	0  	0  	0  	0  	0  	0  	0  	0  	0  	0  	0  	0  	0  	0  	
0  	0  	0  	0  	0  	0  	0  	0  	0  	0  	0  	0  	0  	0  	0  	0  	0  	0  	0  	0  	0  	0  	0  	0  	0  	0  	0  	0  	0  	0  	0  	0  	0  	0  	0  	0  	0  	0  	0  	0.738379  	0  	0  	0  	0  	0  	0  	0  	0  	0  	0  	0  	0  	0  	0  	0  	0  	0  	0  	0  	0  	0  	0  	0  	0  	0  	0  	0  	0  	0  	0  	0  	0  	0  	0  	0  	0  	0  	0  	0  	0  	0  	0  	0  	0  	0  	0  	0  	0  	0  	0  	0  	0  	0  	0  	0  	0  	0  	0  	0  	0  	
0  	0  	0  	0  	0  	0  	0  	0  	0  	0  	0  	0  	0  	0  	0  	0  	0  	0  	0  	0  	0  	0  	0  	0  	0  	0  	0  	0  	0  	0  	0  	0  	0  	0  	0  	0  	0  	0  	0  	0  	0.974318  	0  	0  	0  	0  	0  	0  	0  	0  	0  	0  	0  	0  	0  	0  	0  	0  	0  	0  	0  	0  	0  	0  	0  	0  	0  	0  	0  	0  	0  	0  	0  	0  	0  	0  	0  	0  	0  	0  	0  	0  	0  	0  	0  	0  	0  	0  	0  	0  	0  	0  	0  	0  	0  	0  	0  	0  	0  	0  	0  	
0  	0  	0  	0  	0  	0  	0  	0  	0  	0  	0  	0  	0  	0  	0  	0  	0  	0  	0  	0  	0  	0  	0  	0  	0  	0  	0  	0  	0  	0  	0  	0  	0  	0  	0  	0  	0  	0  	0  	0  	0  	0.962186  	0  	0  	0  	0  	0  	0  	0  	0  	0  	0  	0  	0  	0  	0  	0  	0  	0  	0  	0  	0  	0  	0  	0  	0  	0  	0  	0  	0  	0  	0  	0  	0  	0  	0  	0  	0  	0  	0  	0  	0  	0  	0  	0  	0  	0  	0  	0  	0  	0  	0  	0  	0  	0  	0  	0  	0  	0  	0  	
0  	0  	0  	0  	0  	0  	0  	0  	0  	0  	0  	0  	0  	0  	0  	0  	0  	0  	0  	0  	0  	0  	0  	0  	0  	0  	0  	0  	0  	0  	0  	0  	0  	0  	0  	0  	0  	0  	0  	0  	0  	0  	0.0437578  	0  	0  	0  	0  	0  	0  	0  	0  	0  	0  	0  	0  	0  	0  	0  	0  	0  	0  	0  	0  	0  	0  	0  	0  	0  	0  	0  	0  	0  	0  	0  	0  	0  	0  	0  	0  	0  	0  	0  	0  	0  	0  	0  	0  	0  	0  	0  	0  	0  	0  	0  	0  	0  	0  	0  	0  	0  	
0  	0  	0  	0  	0  	0  	0  	0  	0  	0  	0  	0  	0  	0  	0  	0  	0  	0  	0  	0  	0  	0  	0  	0  	0  	0  	0  	0  	0  	0  	0  	0  	0  	0  	0  	0  	0  	0  	0  	0  	0  	0  	0  	0.92734  	0  	0  	0  	0  	0  	0  	0  	0  	0  	0  	0  	0  	0  	0  	0  	0  	0  	0  	0  	0  	0  	0  	0  	0  	0  	0  	0  	0  	0  	0  	0  	0  	0  	0  	0  	0  	0  	0  	0  	0  	0  	0  	0  	0  	0  	0  	0  	0  	0  	0  	0  	0  	0  	0  	0  	0  	
0  	0  	0  	0  	0  	0  	0  	0  	0  	0  	0  	0  	0  	0  	0  	0  	0  	0  	0  	0  	0  	0  	0  	0  	0  	0  	0  	0  	0  	0  	0  	0  	0  	0  	0  	0  	0  	0  	0  	0  	0  	0  	0  	0  	0.376169  	0  	0  	0  	0  	0  	0  	0  	0  	0  	0  	0  	0  	0  	0  	0  	0  	0  	0  	0  	0  	0  	0  	0  	0  	0  	0  	0  	0  	0  	0  	0  	0  	0  	0  	0  	0  	0  	0  	0  	0  	0  	0  	0  	0  	0  	0  	0  	0  	0  	0  	0  	0  	0  	0  	0  	
0  	0  	0  	0  	0  	0  	0  	0  	0  	0  	0  	0  	0  	0  	0  	0  	0  	0  	0  	0  	0  	0  	0  	0  	0  	0  	0  	0  	0  	0  	0  	0  	0  	0  	0  	0  	0  	0  	0  	0  	0  	0  	0  	0  	0  	0.390143  	0  	0  	0  	0  	0  	0  	0  	0  	0  	0  	0  	0  	0  	0  	0  	0  	0  	0  	0  	0  	0  	0  	0  	0  	0  	0  	0  	0  	0  	0  	0  	0  	0  	0  	0  	0  	0  	0  	0  	0  	0  	0  	0  	0  	0  	0  	0  	0  	0  	0  	0  	0  	0  	0  	
0  	0  	0  	0  	0  	0  	0  	0  	0  	0  	0  	0  	0  	0  	0  	0  	0  	0  	0  	0  	0  	0  	0  	0  	0  	0  	0  	0  	0  	0  	0  	0  	0  	0  	0  	0  	0  	0  	0  	0  	0  	0  	0  	0  	0  	0  	0.987206  	0  	0  	0  	0  	0  	0  	0  	0  	0  	0  	0  	0  	0  	0  	0  	0  	0  	0  	0  	0  	0  	0  	0  	0  	0  	0  	0  	0  	0  	0  	0  	0  	0  	0  	0  	0  	0  	0  	0  	0  	0  	0  	0  	0  	0  	0  	0  	0  	0  	0  	0  	0  	0  	
0  	0  	0  	0  	0  	0  	0  	0  	0  	0  	0  	0  	0  	0  	0  	0  	0  	0  	0  	0  	0  	0  	0  	0  	0  	0  	0  	0  	0  	0  	0  	0  	0  	0  	0  	0  	0  	0  	0  	0  	0  	0  	0  	0  	0  	0  	0  	0.637873  	0  	0  	0  	0  	0  	0  	0  	0  	0  	0  	0  	0  	0  	0  	0  	0  	0  	0  	0  	0  	0  	0  	0  	0  	0  	0  	0  	0  	0  	0  	0  	0  	0  	0  	0  	0  	0  	0  	0  	0  	0  	0  	0  	0  	0  	0  	0  	0  	0  	0  	0  	0  	
0  	0  	0  	0  	0  	0  	0  	0  	0  	0  	0  	0  	0  	0  	0  	0  	0  	0  	0  	0  	0  	0  	0  	0  	0  	0  	0  	0  	0  	0  	0  	0  	0  	0  	0  	0  	0  	0  	0  	0  	0  	0  	0  	0  	0  	0  	0  	0  	0.984998  	0  	0  	0  	0  	0  	0  	0  	0  	0  	0  	0  	0  	0  	0  	0  	0  	0  	0  	0  	0  	0  	0  	0  	0  	0  	0  	0  	0  	0  	0  	0  	0  	0  	0  	0  	0  	0  	0  	0  	0  	0  	0  	0  	0  	0  	0  	0  	0  	0  	0  	0  	
0  	0  	0  	0  	0  	0  	0  	0  	0  	0  	0  	0  	0  	0  	0  	0  	0  	0  	0  	0  	0  	0  	0  	0  	0  	0  	0  	0  	0  	0  	0  	0  	0  	0  	0  	0  	0  	0  	0  	0  	0  	0  	0  	0  	0  	0  	0  	0  	0  	0.986184  	0  	0  	0  	0  	0  	0  	0  	0  	0  	0  	0  	0  	0  	0  	0  	0  	0  	0  	0  	0  	0  	0  	0  	0  	0  	0  	0  	0  	0  	0  	0  	0  	0  	0  	0  	0  	0  	0  	0  	0  	0  	0  	0  	0  	0  	0  	0  	0  	0  	0  	
0  	0  	0  	0  	0  	0  	0  	0  	0  	0  	0  	0  	0  	0  	0  	0  	0  	0  	0  	0  	0  	0  	0  	0  	0  	0  	0  	0  	0  	0  	0  	0  	0  	0  	0  	0  	0  	0  	0  	0  	0  	0  	0  	0  	0  	0  	0  	0  	0  	0  	0.00627236  	0  	0  	0  	0  	0  	0  	0  	0  	0  	0  	0  	0  	0  	0  	0  	0  	0  	0  	0  	0  	0  	0  	0  	0  	0  	0  	0  	0  	0  	0  	0  	0  	0  	0  	0  	0  	0  	0  	0  	0  	0  	0  	0  	0  	0  	0  	0  	0  	0  	
0  	0  	0  	0  	0  	0  	0  	0  	0  	0  	0  	0  	0  	0  	0  	0  	0  	0  	0  	0  	0  	0  	0  	0  	0  	0  	0  	0  	0  	0  	0  	0  	0  	0  	0  	0  	0  	0  	0  	0  	0  	0  	0  	0  	0  	0  	0  	0  	0  	0  	0  	0.325403  	0  	0  	0  	0  	0  	0  	0  	0  	0  	0  	0  	0  	0  	0  	0  	0  	0  	0  	0  	0  	0  	0  	0  	0  	0  	0  	0  	0  	0  	0  	0  	0  	0  	0  	0  	0  	0  	0  	0  	0  	0  	0  	0  	0  	0  	0  	0  	0  	
0  	0  	0  	0  	0  	0  	0  	0  	0  	0  	0  	0  	0  	0  	0  	0  	0  	0  	0  	0  	0  	0  	0  	0  	0  	0  	0  	0  	0  	0  	0  	0  	0  	0  	0  	0  	0  	0  	0  	0  	0  	0  	0  	0  	0  	0  	0  	0  	0  	0  	0  	0  	0.0505632  	0  	0  	0  	0  	0  	0  	0  	0  	0  	0  	0  	0  	0  	0  	0  	0  	0  	0  	0  	0  	0  	0  	0  	0  	0  	0  	0  	0  	0  	0  	0  	0  	0  	0  	0  	0  	0  	0  	0  	0  	0  	0  	0  	0  	0  	0  	0  	
0  	0  	0  	0  	0  	0  	0  	0  	0  	0  	0  	0  	0  	0  	0  	0  	0  	0  	0  	0  	0  	0  	0  	0  	0  	0  	0  	0  	0  	0  	0  	0  	0  	0  	0  	0  	0  	0  	0  	0  	0  	0  	0  	0  	0  	0  	0  	0  	0  	0  	0  	0  	0  	0.00448675  	0  	0  	0  	0  	0  	0  	0  	0  	0  	0  	0  	0  	0  	0  	0  	0  	0  	0  	0  	0  	0  	0  	0  	0  	0  	0  	0  	0  	0  	0  	0  	0  	0  	0  	0  	0  	0  	0  	0  	0  	0  	0  	0  	0  	0  	0  	
0  	0  	0  	0  	0  	0  	0  	0  	0  	0  	0  	0  	0  	0  	0  	0  	0  	0  	0  	0  	0  	0  	0  	0  	0  	0  	0  	0  	0  	0  	0  	0  	0  	0  	0  	0  	0  	0  	0  	0  	0  	0  	0  	0  	0  	0  	0  	0  	0  	0  	0  	0  	0  	0  	0.0445698  	0  	0  	0  	0  	0  	0  	0  	0  	0  	0  	0  	0  	0  	0  	0  	0  	0  	0  	0  	0  	0  	0  	0  	0  	0  	0  	0  	0  	0  	0  	0  	0  	0  	0  	0  	0  	0  	0  	0  	0  	0  	0  	0  	0  	0  	
0  	0  	0  	0  	0  	0  	0  	0  	0  	0  	0  	0  	0  	0  	0  	0  	0  	0  	0  	0  	0  	0  	0  	0  	0  	0  	0  	0  	0  	0  	0  	0  	0  	0  	0  	0  	0  	0  	0  	0  	0  	0  	0  	0  	0  	0  	0  	0  	0  	0  	0  	0  	0  	0  	0  	0.022679  	0  	0  	0  	0  	0  	0  	0  	0  	0  	0  	0  	0  	0  	0  	0  	0  	0  	0  	0  	0  	0  	0  	0  	0  	0  	0  	0  	0  	0  	0  	0  	0  	0  	0  	0  	0  	0  	0  	0  	0  	0  	0  	0  	0  	
0  	0  	0  	0  	0  	0  	0  	0  	0  	0  	0  	0  	0  	0  	0  	0  	0  	0  	0  	0  	0  	0  	0  	0  	0  	0  	0  	0  	0  	0  	0  	0  	0  	0  	0  	0  	0  	0  	0  	0  	0  	0  	0  	0  	0  	0  	0  	0  	0  	0  	0  	0  	0  	0  	0  	0  	0.985306  	0  	0  	0  	0  	0  	0  	0  	0  	0  	0  	0  	0  	0  	0  	0  	0  	0  	0  	0  	0  	0  	0  	0  	0  	0  	0  	0  	0  	0  	0  	0  	0  	0  	0  	0  	0  	0  	0  	0  	0  	0  	0  	0  	
0  	0  	0  	0  	0  	0  	0  	0  	0  	0  	0  	0  	0  	0  	0  	0  	0  	0  	0  	0  	0  	0  	0  	0  	0  	0  	0  	0  	0  	0  	0  	0  	0  	0  	0  	0  	0  	0  	0  	0  	0  	0  	0  	0  	0  	0  	0  	0  	0  	0  	0  	0  	0  	0  	0  	0  	0  	0.614978  	0  	0  	0  	0  	0  	0  	0  	0  	0  	0  	0  	0  	0  	0  	0  	0  	0  	0  	0  	0  	0  	0  	0  	0  	0  	0  	0  	0  	0  	0  	0  	0  	0  	0  	0  	0  	0  	0  	0  	0  	0  	0  	
0  	0  	0  	0  	0  	0  	0  	0  	0  	0  	0  	0  	0  	0  	0  	0  	0  	0  	0  	0  	0  	0  	0  	0  	0  	0  	0  	0  	0  	0  	0  	0  	0  	0  	0  	0  	0  	0  	0  	0  	0  	0  	0  	0  	0  	0  	0  	0  	0  	0  	0  	0  	0  	0  	0  	0  	0  	0  	0.906415  	0  	0  	0  	0  	0  	0  	0  	0  	0  	0  	0  	0  	0  	0  	0  	0  	0  	0  	0  	0  	0  	0  	0  	0  	0  	0  	0  	0  	0  	0  	0  	0  	0  	0  	0  	0  	0  	0  	0  	0  	0  	
0  	0  	0  	0  	0  	0  	0  	0  	0  	0  	0  	0  	0  	0  	0  	0  	0  	0  	0  	0  	0  	0  	0  	0  	0  	0  	0  	0  	0  	0  	0  	0  	0  	0  	0  	0  	0  	0  	0  	0  	0  	0  	0  	0  	0  	0  	0  	0  	0  	0  	0  	0  	0  	0  	0  	0  	0  	0  	0  	0.964456  	0  	0  	0  	0  	0  	0  	0  	0  	0  	0  	0  	0  	0  	0  	0  	0  	0  	0  	0  	0  	0  	0  	0  	0  	0  	0  	0  	0  	0  	0  	0  	0  	0  	0  	0  	0  	0  	0  	0  	0  	
0  	0  	0  	0  	0  	0  	0  	0  	0  	0  	0  	0  	0  	0  	0  	0  	0  	0  	0  	0  	0  	0  	0  	0  	0  	0  	0  	0  	0  	0  	0  	0  	0  	0  	0  	0  	0  	0  	0  	0  	0  	0  	0  	0  	0  	0  	0  	0  	0  	0  	0  	0  	0  	0  	0  	0  	0  	0  	0  	0  	3.04931e-006  	0  	0  	0  	0  	0  	0  	0  	0  	0  	0  	0  	0  	0  	0  	0  	0  	0  	0  	0  	0  	0  	0  	0  	0  	0  	0  	0  	0  	0  	0  	0  	0  	0  	0  	0  	0  	0  	0  	0  	
0  	0  	0  	0  	0  	0  	0  	0  	0  	0  	0  	0  	0  	0  	0  	0  	0  	0  	0  	0  	0  	0  	0  	0  	0  	0  	0  	0  	0  	0  	0  	0  	0  	0  	0  	0  	0  	0  	0  	0  	0  	0  	0  	0  	0  	0  	0  	0  	0  	0  	0  	0  	0  	0  	0  	0  	0  	0  	0  	0  	0  	0.995026  	0  	0  	0  	0  	0  	0  	0  	0  	0  	0  	0  	0  	0  	0  	0  	0  	0  	0  	0  	0  	0  	0  	0  	0  	0  	0  	0  	0  	0  	0  	0  	0  	0  	0  	0  	0  	0  	0  	
0  	0  	0  	0  	0  	0  	0  	0  	0  	0  	0  	0  	0  	0  	0  	0  	0  	0  	0  	0  	0  	0  	0  	0  	0  	0  	0  	0  	0  	0  	0  	0  	0  	0  	0  	0  	0  	0  	0  	0  	0  	0  	0  	0  	0  	0  	0  	0  	0  	0  	0  	0  	0  	0  	0  	0  	0  	0  	0  	0  	0  	0  	0.81202  	0  	0  	0  	0  	0  	0  	0  	0  	0  	0  	0  	0  	0  	0  	0  	0  	0  	0  	0  	0  	0  	0  	0  	0  	0  	0  	0  	0  	0  	0  	0  	0  	0  	0  	0  	0  	0  	
0  	0  	0  	0  	0  	0  	0  	0  	0  	0  	0  	0  	0  	0  	0  	0  	0  	0  	0  	0  	0  	0  	0  	0  	0  	0  	0  	0  	0  	0  	0  	0  	0  	0  	0  	0  	0  	0  	0  	0  	0  	0  	0  	0  	0  	0  	0  	0  	0  	0  	0  	0  	0  	0  	0  	0  	0  	0  	0  	0  	0  	0  	0  	0.92799  	0  	0  	0  	0  	0  	0  	0  	0  	0  	0  	0  	0  	0  	0  	0  	0  	0  	0  	0  	0  	0  	0  	0  	0  	0  	0  	0  	0  	0  	0  	0  	0  	0  	0  	0  	0  	
0  	0  	0  	0  	0  	0  	0  	0  	0  	0  	0  	0  	0  	0  	0  	0  	0  	0  	0  	0  	0  	0  	0  	0  	0  	0  	0  	0  	0  	0  	0  	0  	0  	0  	0  	0  	0  	0  	0  	0  	0  	0  	0  	0  	0  	0  	0  	0  	0  	0  	0  	0  	0  	0  	0  	0  	0  	0  	0  	0  	0  	0  	0  	0  	0.308058  	0  	0  	0  	0  	0  	0  	0  	0  	0  	0  	0  	0  	0  	0  	0  	0  	0  	0  	0  	0  	0  	0  	0  	0  	0  	0  	0  	0  	0  	0  	0  	0  	0  	0  	0  	
0  	0  	0  	0  	0  	0  	0  	0  	0  	0  	0  	0  	0  	0  	0  	0  	0  	0  	0  	0  	0  	0  	0  	0  	0  	0  	0  	0  	0  	0  	0  	0  	0  	0  	0  	0  	0  	0  	0  	0  	0  	0  	0  	0  	0  	0  	0  	0  	0  	0  	0  	0  	0  	0  	0  	0  	0  	0  	0  	0  	0  	0  	0  	0  	0  	0.0069797  	0  	0  	0  	0  	0  	0  	0  	0  	0  	0  	0  	0  	0  	0  	0  	0  	0  	0  	0  	0  	0  	0  	0  	0  	0  	0  	0  	0  	0  	0  	0  	0  	0  	0  	
0  	0  	0  	0  	0  	0  	0  	0  	0  	0  	0  	0  	0  	0  	0  	0  	0  	0  	0  	0  	0  	0  	0  	0  	0  	0  	0  	0  	0  	0  	0  	0  	0  	0  	0  	0  	0  	0  	0  	0  	0  	0  	0  	0  	0  	0  	0  	0  	0  	0  	0  	0  	0  	0  	0  	0  	0  	0  	0  	0  	0  	0  	0  	0  	0  	0  	0.941079  	0  	0  	0  	0  	0  	0  	0  	0  	0  	0  	0  	0  	0  	0  	0  	0  	0  	0  	0  	0  	0  	0  	0  	0  	0  	0  	0  	0  	0  	0  	0  	0  	0  	
0  	0  	0  	0  	0  	0  	0  	0  	0  	0  	0  	0  	0  	0  	0  	0  	0  	0  	0  	0  	0  	0  	0  	0  	0  	0  	0  	0  	0  	0  	0  	0  	0  	0  	0  	0  	0  	0  	0  	0  	0  	0  	0  	0  	0  	0  	0  	0  	0  	0  	0  	0  	0  	0  	0  	0  	0  	0  	0  	0  	0  	0  	0  	0  	0  	0  	0  	0.993085  	0  	0  	0  	0  	0  	0  	0  	0  	0  	0  	0  	0  	0  	0  	0  	0  	0  	0  	0  	0  	0  	0  	0  	0  	0  	0  	0  	0  	0  	0  	0  	0  	
0  	0  	0  	0  	0  	0  	0  	0  	0  	0  	0  	0  	0  	0  	0  	0  	0  	0  	0  	0  	0  	0  	0  	0  	0  	0  	0  	0  	0  	0  	0  	0  	0  	0  	0  	0  	0  	0  	0  	0  	0  	0  	0  	0  	0  	0  	0  	0  	0  	0  	0  	0  	0  	0  	0  	0  	0  	0  	0  	0  	0  	0  	0  	0  	0  	0  	0  	0  	0.971053  	0  	0  	0  	0  	0  	0  	0  	0  	0  	0  	0  	0  	0  	0  	0  	0  	0  	0  	0  	0  	0  	0  	0  	0  	0  	0  	0  	0  	0  	0  	0  	
0  	0  	0  	0  	0  	0  	0  	0  	0  	0  	0  	0  	0  	0  	0  	0  	0  	0  	0  	0  	0  	0  	0  	0  	0  	0  	0  	0  	0  	0  	0  	0  	0  	0  	0  	0  	0  	0  	0  	0  	0  	0  	0  	0  	0  	0  	0  	0  	0  	0  	0  	0  	0  	0  	0  	0  	0  	0  	0  	0  	0  	0  	0  	0  	0  	0  	0  	0  	0  	0.72923  	0  	0  	0  	0  	0  	0  	0  	0  	0  	0  	0  	0  	0  	0  	0  	0  	0  	0  	0  	0  	0  	0  	0  	0  	0  	0  	0  	0  	0  	0  	
0  	0  	0  	0  	0  	0  	0  	0  	0  	0  	0  	0  	0  	0  	0  	0  	0  	0  	0  	0  	0  	0  	0  	0  	0  	0  	0  	0  	0  	0  	0  	0  	0  	0  	0  	0  	0  	0  	0  	0  	0  	0  	0  	0  	0  	0  	0  	0  	0  	0  	0  	0  	0  	0  	0  	0  	0  	0  	0  	0  	0  	0  	0  	0  	0  	0  	0  	0  	0  	0  	0.904538  	0  	0  	0  	0  	0  	0  	0  	0  	0  	0  	0  	0  	0  	0  	0  	0  	0  	0  	0  	0  	0  	0  	0  	0  	0  	0  	0  	0  	0  	
0  	0  	0  	0  	0  	0  	0  	0  	0  	0  	0  	0  	0  	0  	0  	0  	0  	0  	0  	0  	0  	0  	0  	0  	0  	0  	0  	0  	0  	0  	0  	0  	0  	0  	0  	0  	0  	0  	0  	0  	0  	0  	0  	0  	0  	0  	0  	0  	0  	0  	0  	0  	0  	0  	0  	0  	0  	0  	0  	0  	0  	0  	0  	0  	0  	0  	0  	0  	0  	0  	0  	0.996379  	0  	0  	0  	0  	0  	0  	0  	0  	0  	0  	0  	0  	0  	0  	0  	0  	0  	0  	0  	0  	0  	0  	0  	0  	0  	0  	0  	0  	
0  	0  	0  	0  	0  	0  	0  	0  	0  	0  	0  	0  	0  	0  	0  	0  	0  	0  	0  	0  	0  	0  	0  	0  	0  	0  	0  	0  	0  	0  	0  	0  	0  	0  	0  	0  	0  	0  	0  	0  	0  	0  	0  	0  	0  	0  	0  	0  	0  	0  	0  	0  	0  	0  	0  	0  	0  	0  	0  	0  	0  	0  	0  	0  	0  	0  	0  	0  	0  	0  	0  	0  	0.0157524  	0  	0  	0  	0  	0  	0  	0  	0  	0  	0  	0  	0  	0  	0  	0  	0  	0  	0  	0  	0  	0  	0  	0  	0  	0  	0  	0  	
0  	0  	0  	0  	0  	0  	0  	0  	0  	0  	0  	0  	0  	0  	0  	0  	0  	0  	0  	0  	0  	0  	0  	0  	0  	0  	0  	0  	0  	0  	0  	0  	0  	0  	0  	0  	0  	0  	0  	0  	0  	0  	0  	0  	0  	0  	0  	0  	0  	0  	0  	0  	0  	0  	0  	0  	0  	0  	0  	0  	0  	0  	0  	0  	0  	0  	0  	0  	0  	0  	0  	0  	0  	0.0838849  	0  	0  	0  	0  	0  	0  	0  	0  	0  	0  	0  	0  	0  	0  	0  	0  	0  	0  	0  	0  	0  	0  	0  	0  	0  	0  	
0  	0  	0  	0  	0  	0  	0  	0  	0  	0  	0  	0  	0  	0  	0  	0  	0  	0  	0  	0  	0  	0  	0  	0  	0  	0  	0  	0  	0  	0  	0  	0  	0  	0  	0  	0  	0  	0  	0  	0  	0  	0  	0  	0  	0  	0  	0  	0  	0  	0  	0  	0  	0  	0  	0  	0  	0  	0  	0  	0  	0  	0  	0  	0  	0  	0  	0  	0  	0  	0  	0  	0  	0  	0  	0.00128954  	0  	0  	0  	0  	0  	0  	0  	0  	0  	0  	0  	0  	0  	0  	0  	0  	0  	0  	0  	0  	0  	0  	0  	0  	0  	
0  	0  	0  	0  	0  	0  	0  	0  	0  	0  	0  	0  	0  	0  	0  	0  	0  	0  	0  	0  	0  	0  	0  	0  	0  	0  	0  	0  	0  	0  	0  	0  	0  	0  	0  	0  	0  	0  	0  	0  	0  	0  	0  	0  	0  	0  	0  	0  	0  	0  	0  	0  	0  	0  	0  	0  	0  	0  	0  	0  	0  	0  	0  	0  	0  	0  	0  	0  	0  	0  	0  	0  	0  	0  	0  	0.97185  	0  	0  	0  	0  	0  	0  	0  	0  	0  	0  	0  	0  	0  	0  	0  	0  	0  	0  	0  	0  	0  	0  	0  	0  	
0  	0  	0  	0  	0  	0  	0  	0  	0  	0  	0  	0  	0  	0  	0  	0  	0  	0  	0  	0  	0  	0  	0  	0  	0  	0  	0  	0  	0  	0  	0  	0  	0  	0  	0  	0  	0  	0  	0  	0  	0  	0  	0  	0  	0  	0  	0  	0  	0  	0  	0  	0  	0  	0  	0  	0  	0  	0  	0  	0  	0  	0  	0  	0  	0  	0  	0  	0  	0  	0  	0  	0  	0  	0  	0  	0  	0.950716  	0  	0  	0  	0  	0  	0  	0  	0  	0  	0  	0  	0  	0  	0  	0  	0  	0  	0  	0  	0  	0  	0  	0  	
0  	0  	0  	0  	0  	0  	0  	0  	0  	0  	0  	0  	0  	0  	0  	0  	0  	0  	0  	0  	0  	0  	0  	0  	0  	0  	0  	0  	0  	0  	0  	0  	0  	0  	0  	0  	0  	0  	0  	0  	0  	0  	0  	0  	0  	0  	0  	0  	0  	0  	0  	0  	0  	0  	0  	0  	0  	0  	0  	0  	0  	0  	0  	0  	0  	0  	0  	0  	0  	0  	0  	0  	0  	0  	0  	0  	0  	0.918776  	0  	0  	0  	0  	0  	0  	0  	0  	0  	0  	0  	0  	0  	0  	0  	0  	0  	0  	0  	0  	0  	0  	
0  	0  	0  	0  	0  	0  	0  	0  	0  	0  	0  	0  	0  	0  	0  	0  	0  	0  	0  	0  	0  	0  	0  	0  	0  	0  	0  	0  	0  	0  	0  	0  	0  	0  	0  	0  	0  	0  	0  	0  	0  	0  	0  	0  	0  	0  	0  	0  	0  	0  	0  	0  	0  	0  	0  	0  	0  	0  	0  	0  	0  	0  	0  	0  	0  	0  	0  	0  	0  	0  	0  	0  	0  	0  	0  	0  	0  	0  	0.963658  	0  	0  	0  	0  	0  	0  	0  	0  	0  	0  	0  	0  	0  	0  	0  	0  	0  	0  	0  	0  	0  	
0  	0  	0  	0  	0  	0  	0  	0  	0  	0  	0  	0  	0  	0  	0  	0  	0  	0  	0  	0  	0  	0  	0  	0  	0  	0  	0  	0  	0  	0  	0  	0  	0  	0  	0  	0  	0  	0  	0  	0  	0  	0  	0  	0  	0  	0  	0  	0  	0  	0  	0  	0  	0  	0  	0  	0  	0  	0  	0  	0  	0  	0  	0  	0  	0  	0  	0  	0  	0  	0  	0  	0  	0  	0  	0  	0  	0  	0  	0  	0.0641753  	0  	0  	0  	0  	0  	0  	0  	0  	0  	0  	0  	0  	0  	0  	0  	0  	0  	0  	0  	0  	
0  	0  	0  	0  	0  	0  	0  	0  	0  	0  	0  	0  	0  	0  	0  	0  	0  	0  	0  	0  	0  	0  	0  	0  	0  	0  	0  	0  	0  	0  	0  	0  	0  	0  	0  	0  	0  	0  	0  	0  	0  	0  	0  	0  	0  	0  	0  	0  	0  	0  	0  	0  	0  	0  	0  	0  	0  	0  	0  	0  	0  	0  	0  	0  	0  	0  	0  	0  	0  	0  	0  	0  	0  	0  	0  	0  	0  	0  	0  	0  	0.994501  	0  	0  	0  	0  	0  	0  	0  	0  	0  	0  	0  	0  	0  	0  	0  	0  	0  	0  	0  	
0  	0  	0  	0  	0  	0  	0  	0  	0  	0  	0  	0  	0  	0  	0  	0  	0  	0  	0  	0  	0  	0  	0  	0  	0  	0  	0  	0  	0  	0  	0  	0  	0  	0  	0  	0  	0  	0  	0  	0  	0  	0  	0  	0  	0  	0  	0  	0  	0  	0  	0  	0  	0  	0  	0  	0  	0  	0  	0  	0  	0  	0  	0  	0  	0  	0  	0  	0  	0  	0  	0  	0  	0  	0  	0  	0  	0  	0  	0  	0  	0  	0.0162857  	0  	0  	0  	0  	0  	0  	0  	0  	0  	0  	0  	0  	0  	0  	0  	0  	0  	0  	
0  	0  	0  	0  	0  	0  	0  	0  	0  	0  	0  	0  	0  	0  	0  	0  	0  	0  	0  	0  	0  	0  	0  	0  	0  	0  	0  	0  	0  	0  	0  	0  	0  	0  	0  	0  	0  	0  	0  	0  	0  	0  	0  	0  	0  	0  	0  	0  	0  	0  	0  	0  	0  	0  	0  	0  	0  	0  	0  	0  	0  	0  	0  	0  	0  	0  	0  	0  	0  	0  	0  	0  	0  	0  	0  	0  	0  	0  	0  	0  	0  	0  	0.31549  	0  	0  	0  	0  	0  	0  	0  	0  	0  	0  	0  	0  	0  	0  	0  	0  	0  	
0  	0  	0  	0  	0  	0  	0  	0  	0  	0  	0  	0  	0  	0  	0  	0  	0  	0  	0  	0  	0  	0  	0  	0  	0  	0  	0  	0  	0  	0  	0  	0  	0  	0  	0  	0  	0  	0  	0  	0  	0  	0  	0  	0  	0  	0  	0  	0  	0  	0  	0  	0  	0  	0  	0  	0  	0  	0  	0  	0  	0  	0  	0  	0  	0  	0  	0  	0  	0  	0  	0  	0  	0  	0  	0  	0  	0  	0  	0  	0  	0  	0  	0  	0.118071  	0  	0  	0  	0  	0  	0  	0  	0  	0  	0  	0  	0  	0  	0  	0  	0  	
0  	0  	0  	0  	0  	0  	0  	0  	0  	0  	0  	0  	0  	0  	0  	0  	0  	0  	0  	0  	0  	0  	0  	0  	0  	0  	0  	0  	0  	0  	0  	0  	0  	0  	0  	0  	0  	0  	0  	0  	0  	0  	0  	0  	0  	0  	0  	0  	0  	0  	0  	0  	0  	0  	0  	0  	0  	0  	0  	0  	0  	0  	0  	0  	0  	0  	0  	0  	0  	0  	0  	0  	0  	0  	0  	0  	0  	0  	0  	0  	0  	0  	0  	0  	0.0752418  	0  	0  	0  	0  	0  	0  	0  	0  	0  	0  	0  	0  	0  	0  	0  	
0  	0  	0  	0  	0  	0  	0  	0  	0  	0  	0  	0  	0  	0  	0  	0  	0  	0  	0  	0  	0  	0  	0  	0  	0  	0  	0  	0  	0  	0  	0  	0  	0  	0  	0  	0  	0  	0  	0  	0  	0  	0  	0  	0  	0  	0  	0  	0  	0  	0  	0  	0  	0  	0  	0  	0  	0  	0  	0  	0  	0  	0  	0  	0  	0  	0  	0  	0  	0  	0  	0  	0  	0  	0  	0  	0  	0  	0  	0  	0  	0  	0  	0  	0  	0  	0.999703  	0  	0  	0  	0  	0  	0  	0  	0  	0  	0  	0  	0  	0  	0  	
0  	0  	0  	0  	0  	0  	0  	0  	0  	0  	0  	0  	0  	0  	0  	0  	0  	0  	0  	0  	0  	0  	0  	0  	0  	0  	0  	0  	0  	0  	0  	0  	0  	0  	0  	0  	0  	0  	0  	0  	0  	0  	0  	0  	0  	0  	0  	0  	0  	0  	0  	0  	0  	0  	0  	0  	0  	0  	0  	0  	0  	0  	0  	0  	0  	0  	0  	0  	0  	0  	0  	0  	0  	0  	0  	0  	0  	0  	0  	0  	0  	0  	0  	0  	0  	0  	0.916415  	0  	0  	0  	0  	0  	0  	0  	0  	0  	0  	0  	0  	0  	
0  	0  	0  	0  	0  	0  	0  	0  	0  	0  	0  	0  	0  	0  	0  	0  	0  	0  	0  	0  	0  	0  	0  	0  	0  	0  	0  	0  	0  	0  	0  	0  	0  	0  	0  	0  	0  	0  	0  	0  	0  	0  	0  	0  	0  	0  	0  	0  	0  	0  	0  	0  	0  	0  	0  	0  	0  	0  	0  	0  	0  	0  	0  	0  	0  	0  	0  	0  	0  	0  	0  	0  	0  	0  	0  	0  	0  	0  	0  	0  	0  	0  	0  	0  	0  	0  	0  	0.984171  	0  	0  	0  	0  	0  	0  	0  	0  	0  	0  	0  	0  	
0  	0  	0  	0  	0  	0  	0  	0  	0  	0  	0  	0  	0  	0  	0  	0  	0  	0  	0  	0  	0  	0  	0  	0  	0  	0  	0  	0  	0  	0  	0  	0  	0  	0  	0  	0  	0  	0  	0  	0  	0  	0  	0  	0  	0  	0  	0  	0  	0  	0  	0  	0  	0  	0  	0  	0  	0  	0  	0  	0  	0  	0  	0  	0  	0  	0  	0  	0  	0  	0  	0  	0  	0  	0  	0  	0  	0  	0  	0  	0  	0  	0  	0  	0  	0  	0  	0  	0  	0.851769  	0  	0  	0  	0  	0  	0  	0  	0  	0  	0  	0  	
0  	0  	0  	0  	0  	0  	0  	0  	0  	0  	0  	0  	0  	0  	0  	0  	0  	0  	0  	0  	0  	0  	0  	0  	0  	0  	0  	0  	0  	0  	0  	0  	0  	0  	0  	0  	0  	0  	0  	0  	0  	0  	0  	0  	0  	0  	0  	0  	0  	0  	0  	0  	0  	0  	0  	0  	0  	0  	0  	0  	0  	0  	0  	0  	0  	0  	0  	0  	0  	0  	0  	0  	0  	0  	0  	0  	0  	0  	0  	0  	0  	0  	0  	0  	0  	0  	0  	0  	0  	0.116055  	0  	0  	0  	0  	0  	0  	0  	0  	0  	0  	
0  	0  	0  	0  	0  	0  	0  	0  	0  	0  	0  	0  	0  	0  	0  	0  	0  	0  	0  	0  	0  	0  	0  	0  	0  	0  	0  	0  	0  	0  	0  	0  	0  	0  	0  	0  	0  	0  	0  	0  	0  	0  	0  	0  	0  	0  	0  	0  	0  	0  	0  	0  	0  	0  	0  	0  	0  	0  	0  	0  	0  	0  	0  	0  	0  	0  	0  	0  	0  	0  	0  	0  	0  	0  	0  	0  	0  	0  	0  	0  	0  	0  	0  	0  	0  	0  	0  	0  	0  	0  	0.0367606  	0  	0  	0  	0  	0  	0  	0  	0  	0  	
0  	0  	0  	0  	0  	0  	0  	0  	0  	0  	0  	0  	0  	0  	0  	0  	0  	0  	0  	0  	0  	0  	0  	0  	0  	0  	0  	0  	0  	0  	0  	0  	0  	0  	0  	0  	0  	0  	0  	0  	0  	0  	0  	0  	0  	0  	0  	0  	0  	0  	0  	0  	0  	0  	0  	0  	0  	0  	0  	0  	0  	0  	0  	0  	0  	0  	0  	0  	0  	0  	0  	0  	0  	0  	0  	0  	0  	0  	0  	0  	0  	0  	0  	0  	0  	0  	0  	0  	0  	0  	0  	0.985737  	0  	0  	0  	0  	0  	0  	0  	0  	
0  	0  	0  	0  	0  	0  	0  	0  	0  	0  	0  	0  	0  	0  	0  	0  	0  	0  	0  	0  	0  	0  	0  	0  	0  	0  	0  	0  	0  	0  	0  	0  	0  	0  	0  	0  	0  	0  	0  	0  	0  	0  	0  	0  	0  	0  	0  	0  	0  	0  	0  	0  	0  	0  	0  	0  	0  	0  	0  	0  	0  	0  	0  	0  	0  	0  	0  	0  	0  	0  	0  	0  	0  	0  	0  	0  	0  	0  	0  	0  	0  	0  	0  	0  	0  	0  	0  	0  	0  	0  	0  	0  	0.278688  	0  	0  	0  	0  	0  	0  	0  	
0  	0  	0  	0  	0  	0  	0  	0  	0  	0  	0  	0  	0  	0  	0  	0  	0  	0  	0  	0  	0  	0  	0  	0  	0  	0  	0  	0  	0  	0  	0  	0  	0  	0  	0  	0  	0  	0  	0  	0  	0  	0  	0  	0  	0  	0  	0  	0  	0  	0  	0  	0  	0  	0  	0  	0  	0  	0  	0  	0  	0  	0  	0  	0  	0  	0  	0  	0  	0  	0  	0  	0  	0  	0  	0  	0  	0  	0  	0  	0  	0  	0  	0  	0  	0  	0  	0  	0  	0  	0  	0  	0  	0  	0.0353191  	0  	0  	0  	0  	0  	0  	
0  	0  	0  	0  	0  	0  	0  	0  	0  	0  	0  	0  	0  	0  	0  	0  	0  	0  	0  	0  	0  	0  	0  	0  	0  	0  	0  	0  	0  	0  	0  	0  	0  	0  	0  	0  	0  	0  	0  	0  	0  	0  	0  	0  	0  	0  	0  	0  	0  	0  	0  	0  	0  	0  	0  	0  	0  	0  	0  	0  	0  	0  	0  	0  	0  	0  	0  	0  	0  	0  	0  	0  	0  	0  	0  	0  	0  	0  	0  	0  	0  	0  	0  	0  	0  	0  	0  	0  	0  	0  	0  	0  	0  	0  	0.230754  	0  	0  	0  	0  	0  	
0  	0  	0  	0  	0  	0  	0  	0  	0  	0  	0  	0  	0  	0  	0  	0  	0  	0  	0  	0  	0  	0  	0  	0  	0  	0  	0  	0  	0  	0  	0  	0  	0  	0  	0  	0  	0  	0  	0  	0  	0  	0  	0  	0  	0  	0  	0  	0  	0  	0  	0  	0  	0  	0  	0  	0  	0  	0  	0  	0  	0  	0  	0  	0  	0  	0  	0  	0  	0  	0  	0  	0  	0  	0  	0  	0  	0  	0  	0  	0  	0  	0  	0  	0  	0  	0  	0  	0  	0  	0  	0  	0  	0  	0  	0  	0.969555  	0  	0  	0  	0  	
0  	0  	0  	0  	0  	0  	0  	0  	0  	0  	0  	0  	0  	0  	0  	0  	0  	0  	0  	0  	0  	0  	0  	0  	0  	0  	0  	0  	0  	0  	0  	0  	0  	0  	0  	0  	0  	0  	0  	0  	0  	0  	0  	0  	0  	0  	0  	0  	0  	0  	0  	0  	0  	0  	0  	0  	0  	0  	0  	0  	0  	0  	0  	0  	0  	0  	0  	0  	0  	0  	0  	0  	0  	0  	0  	0  	0  	0  	0  	0  	0  	0  	0  	0  	0  	0  	0  	0  	0  	0  	0  	0  	0  	0  	0  	0  	0.000719238  	0  	0  	0  	
0  	0  	0  	0  	0  	0  	0  	0  	0  	0  	0  	0  	0  	0  	0  	0  	0  	0  	0  	0  	0  	0  	0  	0  	0  	0  	0  	0  	0  	0  	0  	0  	0  	0  	0  	0  	0  	0  	0  	0  	0  	0  	0  	0  	0  	0  	0  	0  	0  	0  	0  	0  	0  	0  	0  	0  	0  	0  	0  	0  	0  	0  	0  	0  	0  	0  	0  	0  	0  	0  	0  	0  	0  	0  	0  	0  	0  	0  	0  	0  	0  	0  	0  	0  	0  	0  	0  	0  	0  	0  	0  	0  	0  	0  	0  	0  	0  	0.00741021  	0  	0  	
0  	0  	0  	0  	0  	0  	0  	0  	0  	0  	0  	0  	0  	0  	0  	0  	0  	0  	0  	0  	0  	0  	0  	0  	0  	0  	0  	0  	0  	0  	0  	0  	0  	0  	0  	0  	0  	0  	0  	0  	0  	0  	0  	0  	0  	0  	0  	0  	0  	0  	0  	0  	0  	0  	0  	0  	0  	0  	0  	0  	0  	0  	0  	0  	0  	0  	0  	0  	0  	0  	0  	0  	0  	0  	0  	0  	0  	0  	0  	0  	0  	0  	0  	0  	0  	0  	0  	0  	0  	0  	0  	0  	0  	0  	0  	0  	0  	0  	0.94608  	0  	
0  	0  	0  	0  	0  	0  	0  	0  	0  	0  	0  	0  	0  	0  	0  	0  	0  	0  	0  	0  	0  	0  	0  	0  	0  	0  	0  	0  	0  	0  	0  	0  	0  	0  	0  	0  	0  	0  	0  	0  	0  	0  	0  	0  	0  	0  	0  	0  	0  	0  	0  	0  	0  	0  	0  	0  	0  	0  	0  	0  	0  	0  	0  	0  	0  	0  	0  	0  	0  	0  	0  	0  	0  	0  	0  	0  	0  	0  	0  	0  	0  	0  	0  	0  	0  	0  	0  	0  	0  	0  	0  	0  	0  	0  	0  	0  	0  	0  	0  	0.00590764  	

