X
-0.811274	
0.470138	
-0.161779	
-0.73217	
-0.135838	
-0.041963	
-0.586108	
0.67626	
0.471053	
-0.0735191	
-0.714225	
0.295816	
0.207801	
0.0273751	
-0.243568	
0.442183	
-0.543199	
0.126255	
-0.808222	
-0.867916	
-0.175024	
-0.569262	
0.883358	
0.746025	
0.406354	
0.952635	
-0.0854213	
0.678518	
0.0805383	
-0.137486	
0.344279	
-0.960143	
0.658254	
-0.696402	
0.0177313	
-0.52916	
0.687368	
0.223243	
-0.6798	
0.132847	
0.731193	
0.787591	
-0.815912	
0.936888	
-0.0674154	
-0.0597247	
0.662221	
0.0731529	
0.675222	
0.668325	
-0.6198	
-0.0961638	
-0.845332	
-0.462325	
-0.819452	
-0.718375	
0.673452	
0.0604572	
0.269997	
0.35667	
-0.530564	
0.456954	
0.183813	
0.934141	
-0.106357	
-0.625294	
0.878842	
0.445357	
0.746879	
0.127049	
0.267861	
0.594348	
-0.410199	
-0.986633	
-0.492111	
0.743095	
0.837764	
0.284768	
0.355022	
-0.903134	
0.453597	
-0.684561	
-0.101962	
-0.24601	
-0.949889	
0.545152	
0.983276	
0.679922	
0.215979	
-0.248024	
-0.356243	
0.670949	
-0.12418	
-0.778436	
-0.155248	
0.367779	
-0.501144	
-0.628529	
0.857601	
-0.616871	
