X
-2.53017e-098
-2.53017e-098
-2.53017e-098
-2.53017e-098
-2.53017e-098
-2.53017e-098
-2.53017e-098
-2.53017e-098
-2.53017e-098
-2.53017e-098
-2.53017e-098
-2.53017e-098
-2.53017e-098
-2.53017e-098
-2.53017e-098
-2.53017e-098
-2.53017e-098
-2.53017e-098
-2.53017e-098
-2.53017e-098
-2.53017e-098
-2.53017e-098
-2.53017e-098
-2.53017e-098
-2.53017e-098
-2.53017e-098
-2.53017e-098
-2.53017e-098
-2.53017e-098
-2.53017e-098
-2.53017e-098
-2.53017e-098
-2.53017e-098
-2.53017e-098
-2.53017e-098
-2.53017e-098
-2.53017e-098
-2.53017e-098
-2.53017e-098
-2.53017e-098
-2.53017e-098
-2.53017e-098
-2.53017e-098
-2.53017e-098
-2.53017e-098
-2.53017e-098
-2.53017e-098
-2.53017e-098
-2.53017e-098
-2.53017e-098
-2.53017e-098
-2.53017e-098
-2.53017e-098
-2.53017e-098
-2.53017e-098
-2.53017e-098
-2.53017e-098
-2.53017e-098
-2.53017e-098
-2.53017e-098
-2.53017e-098
-2.53017e-098
-2.53017e-098
-2.53017e-098
-2.53017e-098
-2.53017e-098
-2.53017e-098
-2.53017e-098
-2.53017e-098
-2.53017e-098
-2.53017e-098
-2.53017e-098
-2.53017e-098
-2.53017e-098
-2.53017e-098
-2.53017e-098
-2.53017e-098
-2.53017e-098
-2.53017e-098
-2.53017e-098
-2.53017e-098
-2.53017e-098
-2.53017e-098
-2.53017e-098
-2.53017e-098
-2.53017e-098
-2.53017e-098
-2.53017e-098
-2.53017e-098
-2.53017e-098
-2.53017e-098
-2.53017e-098
-2.53017e-098
-2.53017e-098
-2.53017e-098
-2.53017e-098
-2.53017e-098
-2.53017e-098
-2.53017e-098
-2.53017e-098
