y
2.58941
1.46839
1.05269
2.24535
1.03708
1.00352
1.75343
2.03717
1.47033
1.01082
2.1756
1.17896
1.08731
1.0015
1.12045
1.41148
1.63828
1.03201
2.57495
2.87723
1.06174
1.70679
2.9625
2.3012
1.34466
3.38567
1.01462
2.04507
1.01299
1.03798
1.24437
3.43587
1.97563
2.10911
1.00063
1.60315
2.07643
1.10094
2.04958
1.03545
2.24148
2.47979
2.61159
3.28326
1.0091
1.00714
1.98897
1.01072
2.03356
2.00974
1.85252
1.01854
2.75793
1.45205
2.62868
2.19148
2.02741
1.00732
1.14852
1.26287
1.60661
1.44101
1.06815
3.26579
1.02269
1.86944
2.93724
1.41772
2.3047
1.03241
1.14614
1.77694
1.35151
3.62049
1.51619
2.28924
2.71933
1.16556
1.26037
3.0763
1.4342
2.06642
1.02085
1.12291
3.36753
1.64326
3.59643
2.05001
1.0944
1.12496
1.26222
2.01876
1.03096
2.43898
1.0485
1.2801
1.53664
1.8795
2.82196
1.84359
