y_oc
2.61803
1.50478
1.00925
2.30726
0.98959
0.947056
1.81715
2.10602
1.50697
0.956349
2.2412
1.16507
1.05232
0.94444
1.09368
1.43989
1.6938
0.983041
2.60545
2.86012
1.02061
1.7676
2.9279
2.3585
1.36254
3.25155
0.961171
2.1138
0.959009
0.990737
1.24399
3.28925
2.04488
2.1772
0.943339
1.65548
2.14456
1.06925
2.11905
0.987384
2.30275
2.52071
2.63724
3.17584
0.954156
0.951663
2.05821
0.956124
2.10245
2.07887
1.92057
0.966141
2.76164
1.48679
2.65198
2.25633
2.09638
0.951815
1.12791
1.26609
1.65927
1.47368
1.02843
3.16276
0.971401
1.93798
2.90765
1.44705
2.36175
0.983552
1.12499
1.8412
1.37102
3.42051
1.55916
2.3474
2.72821
1.14876
1.2631
3.01888
1.4659
2.13558
0.969069
1.09672
3.2394
1.69856
3.4025
2.11866
1.06113
1.09925
1.26574
2.08781
0.981868
2.48516
1.00398
1.28656
1.582
1.9483
2.81379
1.91135
